06037	39222	74322008
36 	39046	216223506
17031	23832	49403936
24037	14726	45985
06075	13650	6588648
13121	13421	5194557
11001	12626	8286495
53033	12397	7450300
48167	10879	625588
06073	10273	13741816
48201	9898	17187349
48453	9073	6199018
25025	8930	6049890
04013	8439	15089985
48113	8352	9916179
39081	7384	56730
32003	7104	5009520
36071	6856	197011
41051	6405	2943035
42101	6226	7587750
27053	5722	3817320
39035	5706	3588708
47037	5302	2142417
12086	5287	4823458
08031	5067	3882452
06085	4690	6760014
12095	4676	1741425
17011	4634	14136
38063	4425	348
06071	4237	3874457
06059	4168	5955317
42003	3898	2448546
48029	3892	8895532
29007	3881	25848
53011	3829	576240
29510	3756	2568059
06029	3563	1328062
39049	3517	5691633
06001	3405	3669019
06067	3311	3981380
24510	3188	3665352
37119	3025	3176468
18097	3024	5508424
39061	2861	1686202
27137	2799	247969
55079	2785	2844019
29095	2758	2304900
26163	2671	5606603
42063	2628	35345
22071	2555	2423370
12057	2554	2382719
37183	2553	1538831
47157	2443	2830254
39095	2400	1343367
25017	2326	2592835
06065	2254	3597891
40109	2233	2617800
48439	2217	3701398
55051	2127	2456
17109	2063	38607
42129	2044	175093
01073	2039	1628334
49035	1817	1825873
51760	1802	572658
04019	1786	2207141
55025	1784	1295926
22019	1700	190292
21111	1687	1097970
12031	1584	4072407
40143	1563	1913078
29163	1562	7786
39097	1542	29529
36055	1524	822494
08013	1390	510180
26081	1372	946245
27123	1294	1965084
17045	1288	10070
47093	1260	691952
15003	1259	1330421
12011	1256	3583662
06019	1244	1863257
31055	1219	1185377
26161	1188	419484
19153	1187	926203
06081	1179	1268364
35001	1154	1972300
36029	1153	960650
08041	1101	1160735
12099	1097	1220208
06013	1068	1646802
45019	1041	586228
23005	991	319546
16001	987	573211
22033	978	729008
53053	977	1082161
21067	977	1226359
06083	970	738938
36119	966	1308449
12073	916	614332
51810	881	2126285
48141	879	2349233
32031	874	810588
06111	869	1669747
26065	850	534381
17099	844	106622
24031	838	1220376
48085	826	1179983
37081	826	911978
36067	822	645987
39113	809	1034078
05119	797	775277
34017	783	1573672
26125	775	1546187
29019	765	189951
45079	764	369667
41039	757	522000
13297	757	36483
24003	744	516311
44007	738	1248586
09009	731	1486223
48121	730	823015
45045	727	226494
09001	723	1440137
12009	705	725638
37135	699	133613
12001	694	407059
56025	688	103426
17043	681	1519956
38041	675	489
06097	672	816379
37021	663	223926
29077	659	331292
20045	655	259129
51013	650	370720
36001	635	449630
37063	635	614202
47065	628	693733
31131	625	15957
20173	617	783529
09003	607	1095104
21169	603	3150
31109	599	729138
13059	596	92490
28049	586	742087
51059	577	904391
53063	576	450515
06077	575	1365884
20161	565	137769
13051	563	430281
25009	562	1248453
12103	560	1677011
18105	552	147753
06087	548	326904
39041	544	72210
33011	543	634224
34003	542	1171547
25027	537	1258705
53061	532	603435
01089	531	372166
13067	526	459226
20091	521	877816
49049	520	821900
39153	518	1064683
34013	509	1429090
37129	508	209875
01097	507	656268
36103	493	1813892
42091	483	528270
19077	477	3150
17089	474	718159
47187	469	132562
51540	467	104109
51510	464	254546
36059	463	1666501
24033	453	626979
42071	448	229032
25021	444	1155587
19103	433	229810
02020	430	780849
48041	423	374841
48215	422	1065602
42019	420	45308
53009	418	52064
48309	417	401582
17019	415	258133
08069	414	397405
17057	414	16435
42027	407	106838
06099	403	819042
53073	402	193049
42043	401	154164
48067	392	10432
08001	388	1377941
50007	388	174968
06079	388	366862
01125	384	201272
05093	383	51105
06095	382	802215
10003	381	259733
37067	380	652974
12115	378	215754
51710	375	937612
53067	375	194231
01081	374	222970
18021	373	29424
06047	364	336953
29217	359	16639
05143	359	189022
12033	358	217585
17097	358	937550
47149	357	229213
34021	355	266315
40027	353	303499
22017	349	608890
18003	349	704164
05085	344	53145
18103	342	27039
01101	339	595573
19113	336	420487
42029	335	149124
18163	334	351967
06061	329	442869
41047	328	603765
33015	326	342380
48491	325	494176
48303	324	434279
13135	324	236236
45051	322	125948
19169	320	184856
34023	315	908203
55133	315	541181
06041	308	343667
06113	308	337902
25013	306	794994
38017	303	204289
13089	302	310046
25023	301	971935
06053	300	650790
55009	300	326008
12127	295	631554
12105	294	469546
26049	287	486992
18141	286	452833
12051	285	25021
26077	282	253682
51600	280	44324
42133	280	158179
17201	277	415566
41067	276	582911
46099	275	291033
36109	273	70739
13245	272	139491
35049	269	211763
48355	268	590567
20177	263	364710
48277	260	56811
22055	259	262311
08101	259	262344
23011	258	77682
18157	256	126652
06107	253	539801
12071	252	577657
17197	252	775393
12021	251	111138
34025	250	388192
08059	250	573004
37051	249	294806
08005	249	299344
29189	248	882580
06007	247	217668
18035	246	208432
51680	246	130538
42017	245	262958
51121	241	116812
54061	240	57914
48139	239	131300
12117	237	401962
42069	236	241610
18057	236	295497
39003	234	92526
42049	233	234248
42095	232	269359
24027	232	368916
51770	231	182336
40079	230	27560
21227	229	104448
34039	229	888510
51025	227	299
37147	225	171682
18089	225	809675
02090	221	106079
41003	220	156401
42011	219	256557
25005	219	832713
53035	215	168380
39017	215	331562
17113	213	179747
40119	213	96460
48245	212	509923
17167	212	156424
13107	211	16909
28035	211	111654
48375	208	363532
24005	205	881631
04005	203	155065
48027	203	457437
27037	202	580184
12083	202	160736
42081	201	78988
48339	199	252855
42077	198	260504
26139	197	165240
48209	197	74154
39099	196	345843
54039	192	128735
34007	192	605358
06055	191	214449
25015	190	214499
12005	189	109732
17111	187	407840
28105	186	45640
47125	186	223388
30063	185	126328
36027	185	141047
13215	183	372940
48279	182	11866
45077	182	74917
54011	182	108727
17143	182	245168
39149	181	42362
48157	180	412472
55087	180	188267
41005	178	371208
48469	176	126117
18091	176	183885
34031	171	853461
05007	170	259888
45091	168	154089
19013	168	206331
42045	167	414484
06089	166	221959
26099	166	1200635
17119	166	331679
41007	165	36140
24021	163	133076
48479	162	632307
48061	162	531256
51153	161	177290
45083	160	104904
36057	160	48928
08035	158	368139
13021	156	286057
37189	155	28722
39165	154	87471
49043	153	33062
04021	152	207002
35013	152	184820
28071	152	13348
13057	151	41456
12061	151	101379
51107	151	192189
51630	151	41124
42041	150	105391
36111	150	122343
05045	149	109399
55139	149	215550
12101	147	225861
41017	147	159410
53005	147	250196
39151	146	247746
42079	145	259228
51700	145	360300
05031	145	122227
48441	144	232248
36007	143	143737
27109	143	105498
37001	142	140287
55035	142	134877
51550	141	398368
49057	140	408512
12097	139	195497
28047	139	291417
12091	138	134187
48423	138	201939
34027	138	270509
51650	135	440867
09011	135	189584
48183	133	270675
51660	131	83450
30031	131	82520
23001	128	124280
18127	127	130422
17163	127	279300
47179	126	124429
27163	126	327424
55127	125	97359
48251	125	115545
36091	124	81668
48451	124	265694
29097	124	151865
28081	123	85378
21009	122	29880
36065	121	179376
18081	120	117615
47165	118	175395
36063	118	216220
53077	115	275313
47113	115	63603
36083	115	85599
34001	114	213406
06017	114	180943
04027	113	211250
39009	113	31832
36093	112	187007
01003	112	122452
37097	112	91544
55059	110	240316
37025	110	108436
35043	109	161433
46009	109	1966
34029	108	373176
22103	108	109957
41029	106	219876
45013	106	100317
51830	106	22800
13151	106	52605
37071	105	197571
39093	105	470397
45063	104	92119
42007	104	88228
26055	103	30319
33017	102	115863
22073	102	129050
47011	102	37443
05131	102	175054
17037	102	138377
37019	102	38850
27003	102	426332
30111	101	210211
01069	101	186561
19015	101	22954
55063	101	152752
33013	100	113519
45007	99	42113
42055	99	62997
17077	97	66496
55089	96	101347
55101	95	215123
29183	95	390524
28033	95	174177
44003	94	334848
06023	93	136863
53075	93	51894
37035	92	111965
45041	91	39532
24045	91	29887
13287	91	8798
13031	91	50782
21059	90	108956
23017	90	24544
01077	90	111319
39137	90	7853
36087	89	229395
26075	88	77717
53027	88	55542
13185	87	93697
34005	86	215280
38035	85	97354
17115	85	156925
51610	85	20680
12087	85	95084
13115	85	79897
06057	84	67674
55105	84	209837
18039	84	176872
28121	84	81463
46103	83	127533
48039	83	284539
33007	83	32351
47119	83	53933
16057	83	43730
18109	82	26757
10005	82	49452
01117	82	136444
12081	82	147555
33009	82	61428
20209	81	158288
37133	81	71623
42075	81	72391
06025	81	209375
38015	80	113412
13139	79	41803
04015	79	258632
22051	79	583291
28089	78	76488
01055	78	129918
04025	78	205206
08123	78	238229
47163	77	117662
13095	77	75794
40031	77	188336
27013	76	72869
55073	76	90873
26145	75	153547
09007	75	138473
38095	74	1186
12069	74	146768
23003	74	39632
24025	74	128253
45003	73	94300
53071	73	74592
37179	73	80047
40017	73	110756
39133	73	84798
48485	72	232878
48181	72	144344
29051	72	71766
19163	72	242677
13153	72	143791
48329	71	195564
25003	71	135255
17161	71	202493
21151	71	43169
08037	71	46610
51740	71	201130
47141	70	68924
49011	70	362208
37159	70	71847
44005	70	125559
55117	69	127820
29213	68	18158
23019	68	127788
21117	68	172794
26121	67	152031
49005	67	111337
01103	67	86283
06031	67	206166
08077	67	120852
20035	66	34972
21015	66	55231
18095	66	133757
36013	66	130555
39057	66	194862
47083	66	2754
26021	65	66581
12035	65	94078
24043	65	93196
45035	65	75714
18167	65	116427
29031	64	84744
27139	64	155806
42125	63	79671
13117	63	11194
22105	63	42792
48135	63	182512
17179	62	157902
34015	62	123023
42013	62	117839
36015	62	86183
34035	61	132921
18165	61	6383
08097	61	15048
21145	61	52614
47001	60	67270
39173	60	79088
51683	60	75398
47155	59	60680
54003	59	33784
29047	59	1030746
48091	59	139263
01015	59	87855
25001	59	491577
42021	58	59670
51840	58	24895
22061	57	50392
47009	57	64831
37057	57	87509
26025	57	138865
01033	57	39226
35061	57	39659
08067	56	30044
38101	56	71522
13063	56	99950
22015	56	130524
39103	55	171196
10001	55	84376
27019	55	88293
47053	55	43016
39085	55	243123
40147	54	73304
09005	54	223687
45075	54	29645
42073	54	60039
12113	54	37226
08014	54	89384
13295	54	20695
28059	53	135205
31153	53	105051
53057	52	82233
13077	52	50327
34009	52	84177
32510	52	114682
26103	52	63767
19193	52	169210
36045	52	52625
19061	52	117872
35045	52	117665
53015	51	67845
06039	51	135745
13097	51	65594
48037	51	75795
18063	51	59932
33005	51	78287
48397	51	72030
53029	51	49287
12019	51	80643
53007	50	64048
09013	50	135746
04003	50	149730
13113	50	53562
55097	50	61729
29001	50	33946
16055	49	125083
42001	49	31622
51087	49	53492
36075	49	38665
17091	49	112999
06101	48	114165
30049	48	56392
08071	48	18378
19101	47	9660
01039	47	23654
13045	47	52935
26093	47	52888
27169	47	54740
27171	47	87046
27027	46	66274
29043	46	64108
24047	46	27512
13015	46	42237
56021	46	110886
37101	46	40052
17123	46	6056
53041	46	49273
16027	45	114259
48471	45	36523
29055	45	7198
17195	45	29478
21073	45	54102
37191	45	86252
21093	45	98868
51800	45	127354
42089	44	42071
21037	44	84914
18067	44	96119
21113	43	59612
12017	43	73006
54107	43	78185
40021	43	41745
36077	43	31964
42051	43	58931
29161	42	35730
55131	42	124835
37045	42	40488
12085	42	95270
27131	42	61232
42107	42	92275
06069	42	78458
27089	42	2319
45009	41	9993
55039	41	105132
41071	41	114425
34011	41	193134
08107	41	18698
37125	41	48225
21035	41	15626
06045	41	58887
16019	41	114880
45015	41	96935
53037	40	37924
24013	40	92748
55109	40	37665
46011	40	36556
55055	40	69280
36101	40	41202
46013	40	47334
21177	39	32682
29147	39	11265
05051	39	84263
15001	39	121051
42085	39	75415
37139	39	36030
12053	39	162400
51590	39	91788
56001	39	53868
37127	38	117859
47189	38	60900
26061	38	19428
13247	38	25056
37089	38	21851
25011	38	58642
29099	38	73594
13223	37	11077
54069	37	31763
01031	37	54760
17093	37	76421
24017	37	76697
40125	37	38600
26073	37	25281
17001	37	39731
17029	37	55302
18043	36	76687
37151	36	81346
29071	36	50276
45031	36	29307
56039	36	11610
26115	36	56082
26147	36	87669
36019	36	45199
05145	36	45102
22079	36	74972
34019	36	24852
26091	36	73382
08117	35	10877
02110	35	61422
01095	35	60097
40101	35	80197
21125	35	8642
05125	35	82391
23031	35	177294
48187	35	114510
27141	35	34774
54037	35	5873
39141	35	45372
29101	35	40739
41043	35	79803
36089	34	63193
47023	34	6337
48225	34	11104
28075	34	41476
22109	34	68519
01109	34	15650
48005	34	68301
35005	34	45217
27145	34	158630
30029	34	49150
51730	33	67480
18019	33	96281
37031	33	26389
48367	33	59620
30013	32	58399
37195	32	95703
16065	32	58878
18177	32	40409
21235	32	21049
23027	32	7052
53025	32	54528
40131	31	45849
13009	31	19682
13157	31	14567
40123	31	33232
54055	31	29236
39063	31	80708
19155	31	123884
53021	31	87810
39045	31	81140
24009	30	19858
26111	30	43675
40037	30	38107
36051	30	32001
17199	30	39997
21195	30	13462
39155	30	123912
12111	30	314188
45043	30	22924
31019	30	59952
42031	30	14349
53031	30	20663
13073	30	53791
48381	30	26443
55071	30	98437
51085	30	42839
48257	30	49875
28087	30	25376
39023	29	78527
24015	29	38256
51750	29	28234
18085	29	42317
48347	29	61382
26017	29	72708
36047	29	173198
37049	29	47342
36079	29	27102
01121	29	71362
39109	29	80161
01083	28	21504
05115	28	54096
13255	28	47782
26107	28	21462
36069	28	33377
21101	28	27495
46027	28	20018
50023	28	19444
06109	28	15847
37105	28	24435
37023	28	45565
13313	28	65001
42039	28	25663
36053	28	43058
33001	27	70530
18173	27	8074
12015	27	114342
31079	27	90297
13047	27	13837
13217	27	17758
47063	27	50408
44009	27	75895
18053	27	34797
39043	27	62521
47145	27	27257
01051	26	50400
21019	26	23080
21047	26	62376
45085	26	9123
28149	26	25701
48331	26	13905
37099	26	10405
44001	26	67413
20155	26	83936
16005	26	112572
55075	26	16323
39169	26	70795
54033	26	46050
06051	25	14906
22057	25	68335
08045	25	22333
41033	25	55799
29037	25	89382
55019	25	6778
55141	25	58333
39089	25	93003
48231	25	40491
06033	25	66180
36011	25	39173
01001	25	56530
19049	25	25541
08051	24	13432
55093	24	36227
40001	24	8979
01127	24	24707
18005	24	47309
05027	24	22449
54081	24	24870
51790	24	24040
24001	24	37549
47183	24	15607
20103	23	88340
36113	23	29324
42025	23	25225
17005	23	7770
16083	23	78478
40047	23	46311
17127	23	12534
47167	23	27569
32023	23	85387
17183	23	48590
42037	23	40027
37037	23	23109
12089	22	45856
27083	22	14773
48191	22	512
51061	22	17324
13127	22	16486
27035	22	43303
26155	22	37381
21209	22	21276
36033	22	26789
35025	22	77510
18011	22	41008
22063	22	25625
45047	22	29480
21205	22	5914
39139	22	114182
01115	22	48643
51165	22	16296
17107	22	17250
55043	22	25531
51191	22	16631
42083	22	24203
47031	22	27910
55017	22	29622
51147	22	14058
51678	22	6867
29187	22	48705
48465	22	72136
18099	21	20962
05035	21	65357
36009	21	35022
45073	21	22296
37055	21	21984
37155	21	49281
35055	21	13410
27007	21	28290
20015	21	34427
36049	21	4956
17177	21	33282
53045	21	9032
26045	21	46625
19181	21	38596
06103	21	37198
29167	21	20241
41019	21	63464
36017	20	19148
05029	20	13309
29023	20	33476
19047	20	7804
05033	20	27088
35035	20	72824
33003	20	28750
05069	20	115898
38019	20	2078
37087	20	24785
06005	20	22065
51775	20	24314
42097	20	56752
47035	20	20332
20169	20	91840
13013	20	22898
18059	20	24226
49021	20	50177
26149	20	38446
50025	20	29890
39029	20	61815
09015	20	74885
22045	20	67981
01093	20	13469
37157	19	52124
55021	19	25318
21049	19	16201
51195	19	15676
21107	19	42440
02122	19	27516
37167	19	37792
41027	19	12570
51019	19	19076
13029	19	18828
13293	19	18635
55027	19	48338
46081	19	22483
36031	19	8820
28109	19	26692
40051	19	45867
48361	19	51796
48265	19	43788
01043	18	33292
17073	18	50705
02170	18	24798
27061	18	10261
29027	18	31744
39119	18	57567
53047	18	12331
48473	18	18288
34037	18	39841
41011	18	47354
29021	18	143490
18071	18	40499
31001	18	46939
50001	18	22324
05091	18	30789
05009	18	13934
19017	18	11973
48213	18	26096
12023	18	22290
48291	18	23287
29209	18	1539
47147	18	25494
22117	18	32872
45021	18	27473
28027	18	19530
29127	18	38613
42119	18	8972
39157	18	60755
47107	17	18860
17007	17	50462
01053	17	28302
51520	17	17226
18133	17	23862
40019	17	55728
21193	17	9372
19167	17	22326
42121	17	31521
18083	17	40367
19033	17	72298
39101	17	75359
55081	17	26366
41053	17	29808
17013	17	141
25019	17	29550
05019	17	22867
34033	17	47974
40081	17	6078
37085	17	24457
34041	17	41268
36043	17	28142
13225	17	19085
50003	17	40940
48203	17	55554
51199	17	217
37109	17	22169
42059	16	18505
01017	16	24734
35028	16	17557
37107	16	47731
36023	16	39334
35015	16	35802
24035	16	25086
17095	16	71892
27049	16	47527
40039	16	17415
54049	16	39870
41059	16	83910
37027	16	43204
20055	16	26425
50015	16	4996
55111	16	25817
48001	16	35860
39087	16	29820
18017	16	42919
39025	16	17232
26047	16	13935
12109	16	24808
51003	16	3727
37171	16	18040
04007	16	31200
05055	16	49613
48427	16	29522
42109	16	14153
13129	16	28627
41035	16	19203
01087	16	23048
39167	16	20295
22069	16	37377
31119	16	24877
28043	16	29116
17081	16	19425
23023	16	32348
50027	16	19502
39065	16	21715
13187	15	8930
17049	15	28476
51041	15	19621
18069	15	20742
36021	15	14213
20051	15	41563
47099	15	14729
45055	15	24021
40097	15	13656
21089	15	19782
51570	15	17626
08049	15	5725
18037	15	35916
48409	15	69594
19139	15	48605
36039	15	15006
01071	15	32535
39083	15	20891
40071	15	57907
20037	15	21393
21199	15	12142
35031	15	40151
54025	15	8579
51171	15	15361
22101	15	44340
39027	15	25218
21029	15	38081
35009	15	33163
13179	15	56836
42005	15	15313
51067	14	7095
18065	14	25635
28145	14	8027
42111	14	20899
36037	14	20803
12055	14	39364
17141	14	20985
47003	14	37197
15009	14	70626
40083	14	25221
45011	14	17988
12119	14	28712
54019	14	18727
41041	14	24986
06035	14	37280
08113	14	4768
55031	14	55819
17117	14	27539
38033	14	1020
48497	14	11297
13143	14	14085
27079	14	15352
22005	14	17303
17055	14	28533
20111	14	53090
30093	14	34190
54079	14	8708
47051	14	18480
17063	14	42375
39143	14	33457
48099	14	46424
48477	14	29218
27041	13	10226
04023	13	43515
19045	13	28006
26059	13	12266
29145	13	15258
22089	13	46506
18111	13	3744
06015	13	14690
36003	13	13174
39147	13	62280
54045	13	5228
27111	13	32386
29029	13	13220
19125	13	27524
48259	13	17383
40013	13	33925
13233	13	18824
49045	13	64648
26005	13	21849
21021	13	15164
29113	13	14333
13237	13	18387
26105	13	16809
28001	13	34236
37175	13	7130
13277	13	31804
22097	13	72925
37069	13	5699
32005	13	14647
01009	13	13903
48467	13	15567
42131	13	6615
47105	13	12796
40049	13	16830
17105	13	20711
13213	13	7816
48143	13	34895
27093	13	8926
28151	13	41239
55135	13	11951
40137	13	57180
22119	13	34197
37113	13	4389
05005	13	24585
47059	13	30414
42117	13	8810
28003	13	14168
01113	13	56854
42033	13	28107
46079	13	6035
27025	12	24023
55085	12	7783
20057	12	26258
08029	12	17733
29225	12	9412
21031	12	2732
53003	12	8220
30071	12	3786
51820	12	41808
49053	12	155513
17021	12	35491
12107	12	14003
19191	12	9183
04001	12	20585
29165	12	14533
48323	12	52180
54065	12	1532
51167	12	6229
47025	12	8001
01049	12	39410
27005	12	17185
18179	12	24746
49047	12	8602
51185	12	19690
32001	12	16252
51690	12	14874
42061	12	16578
06063	12	5539
17137	12	20224
27067	11	19596
06115	11	39611
55003	11	9066
23013	11	24549
26159	11	16613
48083	11	12678
22085	11	6211
31157	11	37604
40087	11	25493
42035	11	20231
48055	11	29754
35037	11	5377
55113	11	2684
37161	11	16065
29201	11	25285
01021	11	23868
13261	11	34250
17133	11	18279
48349	11	53364
36117	11	20007
40121	11	36240
08007	11	3074
41061	11	26826
20113	11	15306
42065	11	24238
06009	11	18805
48373	11	10269
56037	11	29698
29131	11	14900
22095	11	71582
13275	11	19961
06093	11	29952
56029	11	14724
39013	11	28317
24029	11	6402
48221	11	6816
49051	11	20963
16011	11	28945
21239	11	16556
26087	11	19955
27085	11	14083
08085	11	31963
26067	11	26824
29091	11	24140
16017	11	16160
48021	11	19819
47073	11	22685
45057	11	10775
17085	11	5356
26037	11	11892
26029	11	9155
26129	11	2619
42015	11	18239
20191	11	16717
12063	11	8808
13175	11	18834
21121	11	3433
18113	11	26480
22113	11	16562
38105	11	24579
49015	11	3581
19027	11	11698
40145	11	32471
48363	10	33986
23009	10	32578
27095	10	9513
19157	10	20448
05001	10	18362
13219	10	6904
20121	10	12717
35017	10	21434
18033	10	21802
42127	10	12573
46029	10	20185
16013	10	14328
17203	10	12611
05063	10	18876
36105	10	13697
20163	10	1966
46065	10	27758
46121	10	2039
37077	10	15429
35041	10	22070
51155	10	20233
27147	10	49052
21217	10	10821
47143	10	8389
33019	10	26670
48219	10	13911
37173	10	7809
24041	10	13094
42087	10	21829
05015	10	9499
40065	10	20619
13227	10	4001
18169	10	35397
38077	10	10421
18107	10	15906
21185	10	13663
51047	10	22018
55045	10	16938
20125	10	31378
36115	10	11780
37013	10	11080
13085	10	1324
27099	10	23869
36095	10	7083
39145	10	25454
39007	10	65245
04017	10	44609
55115	10	21190
47089	10	11506
37165	10	30536
13111	10	1340
18145	10	17815
48007	10	17944
39159	10	16396
26027	10	15940
37115	10	3145
36097	9	5964
47019	9	31474
05139	9	43431
48337	9	6763
37011	9	2044
17103	9	19816
31053	9	25979
20059	9	16253
29159	9	20053
19053	9	6345
19057	9	28056
56013	9	17542
18061	9	2721
56005	9	23101
21179	9	22008
39053	9	9647
21231	9	5981
08083	9	11103
53065	9	13963
46135	9	27411
21005	9	9437
21083	9	10153
41065	9	12371
08087	9	16145
48401	9	14353
31111	9	24172
18183	9	19297
08119	9	8690
45001	9	7432
48053	9	12620
48459	9	11785
19127	9	51108
54053	9	7146
21167	9	10488
48273	9	50528
48049	9	39068
13119	9	3256
32019	9	42578
48047	9	194
15007	9	36923
17075	9	8336
47109	9	9269
46035	9	14741
16047	8	3316
36121	8	12920
26023	8	15026
40135	8	26230
54057	8	12689
27149	8	5133
18149	8	5717
06027	8	10996
21085	8	6355
35053	8	9534
08003	8	17542
51197	8	16310
47013	8	12411
47123	8	12061
51103	8	3468
37193	8	15023
47115	8	10835
18029	8	14903
47029	8	7383
51187	8	29232
31033	8	6492
22099	8	16858
37093	8	7038
26043	8	16047
18047	8	3578
13311	8	2429
28039	8	5854
28011	8	14784
26041	8	30913
28085	8	19572
54029	8	23810
26057	8	18746
16069	8	32030
27017	8	14117
37007	8	6119
19123	8	24157
13055	8	7059
31047	8	13813
28123	8	6369
28067	8	22100
30081	8	7820
48117	8	28744
50021	8	39617
31043	8	24270
48487	8	11660
18023	8	17092
28141	8	5189
13147	8	13906
05043	8	8954
39091	8	34416
27103	8	35764
22001	8	40792
47021	8	15012
17187	8	10459
36107	8	9038
17147	8	7790
29009	8	15977
40089	8	18592
37163	8	10689
42099	8	7159
21001	8	4163
39077	8	33884
29221	8	5674
40041	8	13785
19021	8	19670
18051	8	18825
47045	8	34658
13123	8	3060
54097	8	5782
28095	8	19558
48507	8	7093
46113	8	5169
28029	8	17677
29069	8	28032
13291	8	717
48171	8	12031
24019	8	12551
19105	8	14893
20009	8	17918
39129	8	19723
01045	8	21312
41009	7	17891
27097	7	10768
47103	7	9245
51009	7	13870
39015	7	7316
39055	7	13133
49027	7	1493
21127	7	3998
20005	7	20719
17135	7	14795
37083	7	33893
19099	7	19327
47043	7	14668
20079	7	28025
12093	7	11338
16041	7	4957
16075	7	22172
17083	7	8072
18135	7	10908
37169	7	2374
23029	7	8385
54083	7	13918
21137	7	4656
22115	7	7594
38093	7	15284
37181	7	16282
35039	7	24990
37017	7	3070
49003	7	41085
17125	7	5183
21157	7	7445
55119	7	5078
13211	7	4256
53055	7	4028
28107	7	11042
17145	7	19152
05105	7	2236
13039	7	36581
47177	7	13777
22087	7	79491
13299	7	16452
29175	7	13849
13019	7	7120
45071	7	22412
29207	7	13336
48217	7	13092
19179	7	49186
36035	7	40057
48325	7	20694
48073	7	19168
21213	7	7945
47071	7	7229
47117	7	11636
39005	7	21827
45025	7	9167
51640	7	6542
06021	7	12836
29107	7	11908
22121	7	12106
28099	7	7266
26137	7	7552
48089	7	5892
13279	7	14974
17165	7	15799
05003	7	6172
39051	7	18019
54077	7	8043
36123	7	10400
05037	7	10605
53017	7	12974
37141	7	9968
46129	7	855
26007	7	21436
27015	7	29894
42009	7	5200
41057	7	10762
21161	7	17846
40091	7	9734
17033	7	7713
26117	7	12329
39125	7	6090
55067	7	16396
54059	7	4686
37111	7	4782
53049	7	5218
02130	7	14344
01123	7	21215
13103	7	14315
13257	7	9479
28113	7	14395
27105	7	12022
21183	7	14084
32007	7	49927
55125	7	5037
47131	7	12287
18079	7	6324
45029	6	12959
28119	6	5354
39011	6	24817
39033	6	17668
37143	6	4118
28045	6	17552
51139	6	8130
05079	6	4594
06043	6	1656
08099	6	17643
45027	6	4950
18077	6	15903
48343	6	6752
13071	6	16339
27039	6	7916
26157	6	13217
18093	6	17978
56033	6	16154
29073	6	8138
40009	6	14827
28117	6	8610
05059	6	17930
27119	6	25309
21043	6	4038
17039	6	9875
22003	6	20050
51515	6	6355
54035	6	11285
48097	6	19135
39123	6	7423
24039	6	5239
18087	6	3515
29049	6	20712
48445	6	18114
47185	6	4685
26015	6	9985
48499	6	13060
30047	6	9674
37103	6	1466
08047	6	679
41031	6	10340
01133	6	5027
35027	6	10308
39171	6	13626
37061	6	6621
28139	6	7820
18031	6	12198
18041	6	28872
27113	6	8426
17157	6	17579
45059	6	20451
19175	6	14422
40069	6	6699
05103	6	12218
49039	6	13631
31177	6	9216
47047	6	4845
46015	6	4484
48481	6	32658
55005	6	22411
53039	6	6633
29119	6	4463
30041	6	19049
48493	6	7901
48293	6	22589
48013	6	19230
55015	6	7954
48365	6	7111
51083	6	9531
28007	6	14842
36099	6	14115
45033	6	14061
18147	6	8084
19029	6	16024
01019	6	3960
48071	6	10332
20099	6	24409
48147	6	15483
37059	6	9841
40153	6	11748
18027	5	12670
51015	5	22649
39111	5	304
01059	5	11918
53051	5	1921
29105	5	13759
20041	5	8711
55049	5	11746
19111	5	12455
21099	5	4230
21071	5	7282
19083	5	13385
31151	5	8312
32013	5	12658
28009	5	1074
17173	5	5629
21207	5	4190
37039	5	3135
40035	5	6508
40099	5	7414
01065	5	4708
29011	5	4603
51089	5	10699
13177	5	2767
19187	5	54318
23015	5	12859
51113	5	211
49019	5	4888
13207	5	4433
28137	5	6690
51069	5	2444
48199	5	19846
37149	5	2754
27047	5	35338
54099	5	5267
28115	5	6819
47015	5	2790
48429	5	11090
51173	5	8410
48189	5	25031
48161	5	8269
19059	5	6536
18137	5	8969
48223	5	15029
13069	5	10877
39079	5	18048
37145	5	8834
39161	5	11427
55069	5	14014
13083	5	2222
55121	5	7809
29117	5	8867
51023	5	7148
01105	5	4997
28163	5	12081
18015	5	5996
08089	5	15507
36025	5	7168
39021	5	15376
36061	5	10082
48185	5	7488
27115	5	5173
30067	5	8033
29003	5	5239
37047	5	6477
22031	5	7615
38089	5	15863
05089	5	5316
51143	5	4507
45023	5	9463
21095	5	4688
12121	5	7215
47079	5	10257
19165	5	10192
17149	5	7069
17121	5	13426
48019	5	7599
48299	5	17136
51141	5	3125
05075	5	5894
54109	5	4566
20085	5	6838
46041	5	896
47017	5	10379
54027	5	4193
27135	5	4391
01057	5	9342
17159	5	9223
38071	5	13622
19171	5	7237
36073	5	12802
55047	5	7532
22011	5	9808
05149	5	8752
48321	5	20023
40103	5	5352
21097	5	6218
05057	5	20764
21115	5	8050
17035	5	3266
17189	5	4001
47085	5	5840
51530	5	6349
21211	5	10596
42123	5	10316
26127	5	3875
28017	4	4079
41015	4	7298
47091	4	4830
29177	4	7503
47041	4	5023
08015	4	7625
37121	4	2702
39039	4	32197
12047	4	3479
26069	4	6643
22009	4	14012
37197	4	6798
19067	4	9091
19031	4	4386
54087	4	2253
22047	4	14337
20167	4	8741
48419	4	7706
49041	4	8488
18049	4	6404
18175	4	6750
51033	4	936
26133	4	4472
40115	4	13692
51735	4	11566
26039	4	1959
17041	4	7178
18009	4	15057
45061	4	7965
29169	4	5450
19075	4	4494
35051	4	7121
48057	4	11743
54031	4	2442
05113	4	5690
40015	4	8052
29123	4	7608
17027	4	9153
51093	4	7240
37153	4	14798
56041	4	13173
30085	4	5893
31025	4	8598
53059	4	1914
51169	4	2916
17101	4	7667
37065	4	24025
02150	4	12296
18117	4	8175
24011	4	4928
13137	4	3106
26031	4	7328
46093	4	6362
37091	4	6463
20061	4	34430
13131	4	18942
27075	4	3699
48179	4	16257
26009	4	5680
40113	4	13610
27055	4	11312
20149	4	8462
21081	4	4929
40111	4	19874
27161	4	10689
26019	4	2350
47061	4	2824
30053	4	2602
40133	4	6661
48425	4	2527
22053	4	13407
05111	4	9797
05021	4	7255
51011	4	1702
47159	4	3368
47069	4	6540
50005	4	14268
27065	4	7714
54001	4	7436
08039	4	2957
38059	4	16809
12039	4	9111
04009	4	17650
05123	4	14449
28083	4	17162
29181	4	3794
21215	4	1174
48081	4	4166
26165	4	10820
01013	4	6924
21075	4	2548
19129	4	5467
29067	4	6086
19079	4	8278
22075	4	20786
01099	4	8614
35057	4	4656
13105	4	9072
46019	4	4663
51031	4	5858
51109	4	2428
28153	4	7026
12123	4	6666
45053	4	4457
40139	4	23569
39059	4	14771
26053	4	5736
20011	4	7909
51161	4	7718
29039	4	5701
01029	4	3964
48503	4	8636
17129	4	2506
37003	4	1857
48371	4	14294
19041	4	11203
47055	4	7962
12007	4	5697
38049	4	113
54041	4	4205
13267	4	10059
21051	4	1629
48227	4	48244
35029	4	14748
21141	4	9620
27091	4	11766
26101	4	14168
31141	4	20823
22067	4	25450
29053	4	9565
13023	4	4484
27009	4	25657
55053	4	4074
06011	4	13122
19007	4	6653
18045	4	8141
27045	4	4027
35047	4	15468
13221	4	1649
28025	4	11674
39117	4	5670
29195	4	12080
40073	4	9069
39069	4	11799
18131	4	3873
38021	4	3299
41045	4	14147
41013	4	8534
48025	4	26008
13285	4	3382
18001	4	13554
39071	4	13033
26119	4	1708
13145	4	1676
51001	4	2301
51595	4	5648
19109	4	6840
48369	3	6375
13273	3	9982
47075	3	11326
48501	3	2900
27081	3	1782
19009	3	2973
21103	3	4500
26151	3	4506
39135	3	9471
19063	3	13014
26089	3	1243
55029	3	19389
16053	3	16574
29141	3	3562
48233	3	28903
13171	3	11664
27063	3	3552
42115	3	5232
48237	3	9216
28097	3	4852
55033	3	2388
18129	3	8356
46005	3	11026
48289	3	2655
21017	3	9332
51157	3	1445
21003	3	8920
35006	3	9472
08075	3	12682
04012	3	7024
21033	3	6297
51175	3	1665
22037	3	5705
23025	3	1825
26143	3	1136
13011	3	1102
16087	3	5396
13161	3	3737
48131	3	7590
21013	3	10730
08063	3	3598
31023	3	3287
17191	3	6497
28111	3	1038
13109	3	4896
51035	3	7707
19011	3	5882
13195	3	2749
46083	3	4741
08027	3	485
20115	3	4853
13087	3	23428
42067	3	2156
05121	3	13232
21079	3	4187
18181	3	8707
48449	3	14403
19085	3	1816
05071	3	8335
01037	3	1894
12125	3	4024
17067	3	1757
18075	3	3094
32033	3	3606
27159	3	4101
26123	3	7406
12043	3	3564
55095	3	6190
17015	3	5668
05023	3	13866
05053	3	4759
13081	3	11411
47101	3	3791
27133	3	4737
48341	3	13629
16037	3	1329
47033	3	2294
13075	3	6138
47153	3	4561
29109	3	6503
22025	3	3042
19019	3	8065
31137	3	5833
47175	3	1699
31145	3	15988
47049	3	2487
21153	3	1569
21135	3	3300
40077	3	6367
48015	3	8241
42093	3	4596
55107	3	7534
39105	3	2875
56009	3	5378
12133	3	7178
17131	3	7468
48281	3	8947
29013	3	7569
19087	3	8393
42103	3	1104
47171	3	9282
23007	3	13837
48389	3	16744
55007	3	2910
27059	3	6933
21109	3	2404
27031	3	1446
54009	3	3784
29089	3	2791
20205	3	2453
20013	3	5409
12049	3	6109
45089	3	3802
01091	3	14506
18101	3	5324
27107	3	1867
48177	3	7350
19149	3	9256
28031	3	3127
48149	3	5662
40057	3	2012
40095	3	5033
28125	3	3090
27129	3	3430
28023	3	2592
21219	3	1954
18073	3	7030
05095	3	4323
21091	3	2571
48489	3	13293
13027	3	4402
05107	3	5548
26063	3	5389
37009	3	1217
21223	3	4237
47081	3	3793
13033	3	7035
28161	3	4393
31185	3	7753
51043	3	3061
13035	3	4539
47077	3	7521
48463	3	18168
28073	3	3418
27127	3	5260
31159	3	9018
48043	3	6272
29115	3	4849
47133	3	3378
08091	3	839
01025	3	4557
28143	3	1027
21119	3	1056
08125	3	5371
18123	3	15152
20139	3	6857
12075	3	4510
39067	3	3805
22049	3	3946
55061	3	6045
20131	3	2739
48415	3	10600
20027	3	4564
17193	3	5275
13133	3	3361
21159	3	723
56031	3	4532
21173	3	12230
13235	3	8300
54021	3	2950
26141	3	4409
29155	3	5232
56015	3	5505
13049	3	3287
47097	3	8585
31101	3	4585
39037	3	13373
51105	3	2323
20151	3	12632
37123	3	4846
26035	3	6196
41001	3	9539
21025	3	2490
29205	3	2857
26097	3	974
31155	3	4054
54047	3	3350
46109	3	5766
40105	3	8444
51137	2	4373
51131	2	1093
08103	2	4213
13001	2	4386
48379	2	2384
21225	2	3464
40005	2	2968
12037	2	4568
13099	2	5496
38025	2	694
01079	2	4435
45069	2	9386
27167	2	3389
21191	2	2754
22035	2	4549
27153	2	3596
48193	2	4221
17059	2	924
40059	2	1042
28133	2	11201
39115	2	552
45037	2	4508
54043	2	1784
45087	2	8175
22127	2	10662
28129	2	1326
28041	2	1549
29135	2	7274
16003	2	1228
13231	2	1513
17051	2	6679
30077	2	3508
28061	2	809
48295	2	1349
20141	2	1259
01047	2	18980
55129	2	3324
37117	2	6096
29215	2	2488
51580	2	6303
12079	2	3928
17023	2	4380
46127	2	3360
48017	2	4551
18125	2	2493
30043	2	1399
48475	2	6522
54051	2	11106
51685	2	22646
20003	2	3389
47121	2	1459
39075	2	3899
38067	2	125
37185	2	753
18119	2	3314
13209	2	2616
19151	2	681
18055	2	8275
51193	2	3555
23021	2	2139
21131	2	197
28131	2	3849
56023	2	1536
13309	2	3560
28051	2	3088
54007	2	1335
29075	2	2851
13163	2	300
29219	2	7388
29093	2	1449
22093	2	6747
19097	2	8401
18013	2	825
21221	2	2490
08019	2	2217
22065	2	16842
29121	2	1172
22041	2	10058
21233	2	3847
28103	2	2322
54093	2	624
17175	2	1353
51181	2	260
48437	2	4716
05065	2	1659
30021	2	4699
12003	2	10142
55123	2	2929
27001	2	2032
20133	2	9361
08065	2	2627
06049	2	2847
17185	2	7617
47173	2	915
31175	2	2186
05047	2	3577
26071	2	2618
29186	2	4449
42113	2	757
31179	2	5287
46047	2	3977
47181	2	2150
40011	2	5544
29229	2	4573
48129	2	3914
54005	2	3217
48315	2	1964
30017	2	8184
12027	2	7056
06105	2	3699
01005	2	26906
48059	2	3550
08105	2	4238
17079	2	3221
48377	2	1979
54091	2	5289
05077	2	4703
48421	2	2006
05041	2	7449
12059	2	2881
22111	2	117
29173	2	1272
48255	2	3938
22029	2	4230
54095	2	4232
21155	2	5836
41063	2	2619
21187	2	1496
38099	2	1413
29015	2	3239
48133	2	4985
29063	2	1129
39107	2	5751
46085	2	780
47007	2	1804
08073	2	3932
19189	2	4175
02050	2	6228
55065	2	2006
49017	2	1933
51005	2	4623
51670	2	44520
48127	2	11192
29157	2	8119
48385	2	1187
53001	2	12204
06003	2	236
48457	2	2895
55137	2	467
48405	2	2466
40061	2	3266
08053	2	350
28079	2	4818
16081	2	1159
36085	2	1248
42105	2	3318
21163	2	3599
31067	2	13198
19197	2	5934
31107	2	1534
48145	2	6815
40151	2	4878
19065	2	1708
12131	2	2951
05067	2	7135
04011	2	1890
19145	2	5520
28091	2	14067
17025	2	9692
48175	2	4056
20021	2	7410
39163	2	2821
29083	2	12779
55011	2	404
38029	2	292
39175	2	6411
51117	2	6788
46033	2	2190
48455	2	2756
51073	2	9986
17053	2	7806
02185	2	8672
01067	2	6529
16061	2	2320
02290	2	687
21023	2	1294
12013	2	2348
51097	2	123
54089	2	5340
08043	2	10430
37177	2	774
21147	2	2676
54101	2	1009
48009	2	3506
47057	2	3969
13169	2	2094
56045	2	3227
12041	2	2182
48407	2	3041
42047	2	28052
05101	2	907
08081	2	18782
18161	2	1899
37199	2	1623
20097	2	1443
29059	2	2887
48165	2	8025
29139	2	170
19073	2	4601
20053	2	2981
16021	2	2680
29143	2	4089
27101	2	1976
48395	2	2190
19051	2	2810
48031	2	3260
05039	2	4877
20127	2	2432
48253	2	4638
28077	2	1955
01007	2	3858
21069	2	3433
21041	2	3775
51183	2	2492
55023	2	6433
47129	2	1525
01119	2	2984
54067	2	5659
19039	2	4780
20193	2	5114
28159	2	6711
51063	2	428
37137	2	804
27057	2	3820
20117	2	3042
51620	2	8346
20109	2	1948
22125	2	3298
41025	2	2770
37041	2	4956
13321	2	5825
02198	2	183
29085	1	113
56007	1	8533
16079	1	2165
29133	1	3071
45005	1	3178
27021	1	841
29065	1	4678
29129	1	319
21011	1	348
05081	1	4576
31039	1	1194
27033	1	264
28069	1	595
05109	1	1704
42023	1	2357
28065	1	285
47139	1	1137
46061	1	523
08009	1	676
48035	1	755
21171	1	2643
28101	1	1436
38031	1	2021
51135	1	3544
53013	1	2655
18115	1	2424
05137	1	2986
41021	1	672
19185	1	1528
40023	1	5547
21123	1	2737
51111	1	1758
13189	1	6715
27087	1	1161
30083	1	4373
48495	1	864
50017	1	5141
48249	1	19589
51119	1	541
21149	1	796
31035	1	952
20049	1	771
20175	1	20182
19069	1	1437
29149	1	633
19035	1	5022
22059	1	679
20087	1	868
13003	1	1504
30055	1	567
48353	1	10688
56011	1	1159
49007	1	8069
41069	1	133
40033	1	2587
21133	1	2266
19043	1	1922
50011	1	1231
27121	1	2364
31027	1	491
46071	1	625
48285	1	2020
51029	1	441
37043	1	462
27051	1	663
20063	1	140
20043	1	976
55103	1	936
46077	1	34
27023	1	5324
13037	1	1225
16077	1	3877
20081	1	1173
37095	1	823
21065	1	2690
13061	1	1075
51079	1	511
29223	1	439
22083	1	4044
46023	1	1590
13263	1	1229
20067	1	5682
32021	1	827
29151	1	1401
08109	1	80
29199	1	1967
19091	1	4384
19089	1	3804
21077	1	1820
51065	1	9616
30039	1	956
51077	1	551
18151	1	7932
02275	1	2070
30091	1	1746
20137	1	295
18121	1	2085
05017	1	2629
37187	1	3880
37033	1	2111
55083	1	581
22043	1	803
02261	1	114
54075	1	1245
48387	1	3602
20001	1	5864
39121	1	1722
27151	1	3219
19093	1	2205
46057	1	698
16029	1	3249
47151	1	965
48411	1	2613
29079	1	6060
39001	1	3084
01075	1	1924
30005	1	817
31089	1	3733
19119	1	2711
49025	1	3442
26095	1	1632
47039	1	831
46003	1	381
40117	1	3214
31045	1	5575
29137	1	1472
16035	1	3103
53043	1	602
19023	1	1363
31011	1	1659
47027	1	1350
31123	1	1502
19081	1	689
01035	1	3630
25007	1	2184
56003	1	103
40141	1	4215
29081	1	326
12045	1	1681
46095	1	69
55013	1	673
20123	1	3772
08055	1	3901
49009	1	292
19147	1	3673
38037	1	590
02060	1	419
27043	1	664
48333	1	1731
48247	1	4525
48195	1	1096
20069	1	979
45017	1	420
16071	1	2083
54013	1	521
19173	1	208
48153	1	3324
16067	1	5216
01107	1	672
30009	1	2341
48307	1	5190
51101	1	3032
01131	1	2196
31147	1	4206
20031	1	963
20185	1	488
22027	1	2496
37079	1	1514
35003	1	336
05141	1	2475
31169	1	261
31139	1	1291
46053	1	1191
02240	1	780
13201	1	1880
05011	1	6288
22021	1	532
19005	1	4014
48391	1	1592
35007	1	982
30105	1	3048
48197	1	2724
20171	1	3511
45039	1	320
48403	1	1053
26153	1	3415
40093	1	419
13197	1	1648
48351	1	2427
26109	1	8661
20095	1	3184
21229	1	320
46051	1	581
51091	1	153
30001	1	3964
19095	1	2541
18153	1	4588
49023	1	5117
21027	1	1243
16039	1	11287
29017	1	1505
19137	1	5785
24023	1	1930
48243	1	1152
47111	1	3885
13229	1	3318
48159	1	2286
18143	1	5910
48287	1	5558
13251	1	2554
20181	1	4378
27155	1	620
05083	1	3689
02220	1	8931
21181	1	2003
38085	1	231
38009	1	77
13319	1	2118
13193	1	4018
48505	1	4882
39019	1	1241
28057	1	3968
26013	1	2107
46007	1	1029
20023	1	422
12029	1	237
30089	1	269
38005	1	974
31075	1	257
13093	1	2903
17065	1	2945
48313	1	4206
26051	1	3055
54023	1	2696
31167	1	1656
37131	1	246
37005	1	1807
41037	1	2417
01061	1	1972
48413	1	1816
19133	1	211
17087	1	141
54103	1	5736
48065	1	2589
48317	1	2345
45049	1	2804
27157	1	441
20157	1	1913
48283	1	3561
51720	1	3898
51027	1	991
13155	1	3229
17061	1	2606
55078	1	1811
38103	1	50
31041	1	3317
46063	1	353
21189	1	107
30087	1	2021
48063	1	4371
48125	1	1043
51179	1	3697
13173	1	2740
20201	1	386
48229	1	585
31021	1	1813
19131	1	3478
55077	1	1468
31069	1	810
47161	1	1442
01041	1	379
39131	1	4582
48163	1	7089
19183	1	994
31161	1	1559
13017	1	8561
46101	1	2291
42057	1	1073
20105	1	1274
27071	1	6300
21055	1	3019
18025	1	705
51037	1	187
46123	1	2917
30099	1	1776
20183	1	470
39047	1	13308
28093	1	7957
05133	1	5750
18139	1	5680
29087	1	1093
46097	1	958
01111	1	192
28037	1	500
28155	1	705
38013	1	269
39031	1	11687
40085	1	2445
47067	1	1310
31143	1	646
27143	1	1297
02230	1	793
31173	1	1009
13281	1	517
19055	1	5070
46067	1	1235
48335	1	595
49037	1	301
01129	1	244
13005	1	3156
40043	1	794
38055	1	1245
19001	1	1940
48093	1	4147
28157	1	1571
51057	1	2176
48151	1	2014
13079	1	750
31063	1	736
19141	1	4926
19107	1	300
46125	1	990
29197	1	728
21203	1	1180
21039	1	395
50019	1	5167
48003	1	9384
26079	1	2254
29179	1	427
17181	1	5028
48051	1	593
31013	1	8344
48123	1	5664
38057	1	3031
32015	1	3623
13241	1	2089
46037	1	1745
05087	1	2031
01027	1	2332
19195	1	230
19037	1	3490
31029	1	1960
