05121	2
05149	3
12051	40
13087	2
13311	3
17119	16
18127	16
21123	1
23013	5
24021	28
26065	53
28081	16
29215	1
36019	1
37027	2
38035	11
39043	8
41031	1
41059	1
42067	3
45091	18
47107	3
51139	2
51580	1
53029	6
54037	7
55045	1
06095	33
12115	67
13277	1
16049	1
17057	1
18065	3
19073	1
21089	3
22097	1
26129	2
27137	31
29027	1
32023	4
36083	13
45001	2
46037	1
47045	1
48459	3
51770	42
55109	8
05123	1
06005	2
08049	3
12053	7
13089	40
13313	42
18129	2
20117	1
21125	3
23015	2
29091	3
37001	6
37155	1
39045	10
39171	2
41033	5
42041	23
42069	16
48397	6
54011	24
54039	15
55047	1
01001	4
01029	1
06097	48
12117	57
17031	2100
18067	1
20055	2
22071	308
26103	5
27111	2
27139	12
29001	4
29029	1
34041	3
39109	11
45003	9
46011	2
47047	2
48055	4
48181	12
01093	2
02290	1
05125	5
06007	8
13063	6
19111	2
19139	1
23017	2
24025	9
26041	2
26069	1
27077	1
28085	1
36121	4
37003	1
37157	3
39047	1
39173	9
40027	43
40153	2
41035	1
42043	45
48245	31
53005	11
55021	5
01003	23
05063	1
06071	356
06099	28
12119	1
13127	9
17033	1
20057	2
22073	8
28121	15
28149	5
29003	3
31019	2
36087	8
40091	1
42107	4
45005	1
46013	1
48183	9
48309	37
01095	1
06009	3
12057	327
18105	48
19113	37
21101	1
23019	13
24027	16
26043	1
28087	4
29095	274
37159	4
39021	2
39049	325
40001	1
42045	10
48373	3
51117	2
51775	3
51810	106
53007	1
06073	693
13255	5
16027	3
17161	4
17189	1
18043	6
20059	2
21067	90
21193	8
26107	2
29131	1
29159	7
30111	15
31147	1
32001	3
36061	3364
36089	6
37097	13
45007	12
47177	1
48059	2
48185	6
53071	6
01097	64
12031	165
13067	46
13193	2
18107	3
24001	3
24029	2
26045	4
27053	624
28089	4
29097	16
29510	386
30077	1
37133	11
38015	9
39023	13
41011	2
41039	58
48221	1
48249	4
48375	31
53009	120
55025	161
01007	3
06075	874
08091	1
13103	2
13257	1
16001	66
17037	5
17163	11
18045	1
21195	6
32003	529
33011	61
35055	7
36063	7
37071	16
37099	10
47179	15
48187	9
48439	215
49041	1
50021	2
51750	3
53073	53
54081	4
01071	1
06111	68
08001	37
12033	47
18109	8
21231	2
22113	2
24003	114
25011	2
29071	6
29099	3
37009	1
37135	58
38017	33
39025	2
39151	33
40005	1
40131	7
42021	6
42049	32
45073	1
46081	1
54019	3
55027	7
01009	7
05041	1
05069	1
06077	43
17165	4
18173	4
19181	1
20035	8
20161	60
22051	14
22079	2
27119	1
29009	1
32005	4
33013	5
34021	28
36065	12
40097	5
46019	1
47153	3
48189	1
49043	9
50023	5
51031	3
51059	54
51185	4
53075	7
55091	1
01073	233
06113	15
08003	2
09011	13
12035	8
17201	33
21107	2
24005	20
25013	17
26021	10
26049	34
27057	1
28065	1
32510	12
36101	3
39153	52
40007	1
41015	2
45075	4
46083	4
48225	1
51690	1
56037	2
05043	1
06051	5
06079	43
13107	16
13233	3
16005	2
17013	1
17167	28
18049	1
19057	4
19183	1
20037	4
21199	6
24510	265
32007	1
33015	27
34023	16
35031	1
36067	86
39091	6
40071	2
47001	6
47029	1
47155	12
48037	7
48163	1
50025	2
51187	3
51600	30
53077	5
55093	1
06115	1
08005	34
09013	2
11001	1150
13045	9
13171	1
17203	2
21235	3
25015	20
27059	1
28067	3
36103	48
37111	1
37139	21
39029	1
39155	7
40135	2
41017	21
42025	5
45077	11
47093	123
55003	4
56039	7
05045	20
06053	34
08097	13
13109	3
17141	1
18023	1
18177	3
19059	1
21047	3
22055	36
33017	10
34025	26
36069	1
39093	14
40073	1
46121	1
47157	246
48039	16
48291	1
49047	4
50027	2
51161	1
01077	11
05109	1
08007	3
12011	183
13047	1
20201	4
22119	1
24009	4
25017	154
26025	6
28041	2
29077	86
37113	3
39003	43
39157	1
40137	3
41019	7
42027	27
45051	68
45079	101
48201	868
48355	50
51540	44
55005	1
55131	2
56013	6
01113	2
02275	1
06055	18
08099	1
13237	1
17143	20
18179	1
19033	1
19187	3
20013	1
20167	2
22057	2
28105	17
29113	1
33019	1
34027	17
35035	4
36043	1
37051	30
39095	51
42091	33
47159	2
48167	90
48293	4
49021	3
49049	31
50001	2
51730	1
53053	78
54061	25
55097	5
01051	3
02122	1
04012	2
13021	22
13049	1
13175	3
16073	1
21211	2
21239	1
25019	3
26027	2
26153	1
27035	5
29051	10
30031	30
31067	1
36107	2
37115	1
39159	1
40139	1
42001	2
42029	28
45053	1
47097	2
48203	1
55007	1
55133	32
56015	1
01115	2
02060	1
04013	603
06057	6
17019	65
18153	3
19161	1
19189	1
20015	2
21177	1
22031	3
26091	2
28107	3
34001	7
34029	6
36045	5
39097	134
47007	1
48015	3
48141	57
48169	1
50003	2
51165	4
55071	3
01053	2
12015	6
16075	3
17083	1
18091	17
26029	2
26155	2
27037	19
27163	12
28045	2
29053	1
36109	25
39007	1
39133	14
42003	358
45055	3
47071	1
47099	1
48485	9
55009	52
55135	3
01117	14
04015	8
05023	1
06031	2
06059	276
17147	1
19163	15
21151	5
21179	1
22033	80
26093	8
28109	2
34003	31
35039	1
36047	2
37055	4
39071	4
39099	6
40051	1
40079	4
42095	22
47009	13
47135	1
48143	3
51013	65
51167	4
53057	4
54065	3
55073	14
01055	15
12017	12
13151	10
13179	3
17085	5
18093	4
26157	6
28047	23
31043	2
37119	333
39009	24
42131	2
47073	1
48487	5
55137	1
06033	3
08077	11
12081	18
13215	19
17121	3
18003	34
18157	33
22035	1
29119	2
31107	1
34005	18
35013	10
36021	3
36049	2
37057	4
37183	240
39073	1
42097	2
48019	2
48145	3
49027	2
50007	40
55075	3
08113	2
12019	7
13153	9
18095	9
20209	8
21091	2
26005	1
26159	5
27013	10
27167	1
28049	76
29183	11
38101	2
39137	9
42007	1
42133	31
45031	3
45059	1
48209	18
51520	4
55111	3
55139	17
04019	128
05027	2
08051	2
12083	27
13217	2
18005	4
19013	20
19167	1
21001	3
21029	6
21155	1
31109	38
34007	16
37031	2
37059	11
40055	1
42071	60
42099	2
46103	10
47139	1
48147	2
48273	1
49001	6
51710	43
53033	914
54041	2
54069	4
01031	5
05091	2
13001	1
13029	3
13281	1
16053	1
17089	64
18097	291
21093	4
21219	2
27141	1
27169	3
29031	12
29185	1
39139	3
40119	22
48085	92
48337	1
55113	2
05029	1
06037	2860
12085	5
13219	1
18133	4
19015	1
19169	27
20149	1
21003	1
26071	1
26099	12
34009	8
35017	3
38041	98
39077	2
40057	1
42073	3
47113	18
48121	55
49003	2
51019	1
53035	10
55051	135
55079	286
01033	6
05093	7
08117	8
12086	520
13157	1
16055	7
17063	3
18099	2
27017	1
28151	2
29187	6
30013	8
39113	115
45035	1
47051	1
47079	2
48339	31
48465	3
51650	18
51678	6
54107	3
06039	4
12087	27
13095	13
17127	6
18009	1
19017	3
21005	6
21159	1
26073	7
36027	21
37035	11
37189	23
39051	1
40031	16
41067	22
42075	7
47115	1
48123	1
48277	5
49005	27
51147	5
51840	10
53037	2
13131	1
16057	10
18073	1
27019	4
27145	5
28153	3
29161	6
29189	22
30015	2
31023	1
32031	48
36091	15
42111	3
47053	2
48061	20
48089	1
51085	5
55117	8
02170	12
05005	1
05131	14
06013	79
12061	28
12089	1
13097	10
17129	1
18137	1
19145	1
20125	2
21133	1
22015	11
23023	2
24031	101
26075	5
27083	2
28091	1
29225	1
36001	66
36029	131
37037	1
39053	1
40033	1
41041	1
42077	19
47117	1
48251	20
48279	13
48503	1
49007	1
51121	42
51590	3
53011	233
53039	2
55055	8
13287	4
17067	5
21099	3
26111	2
26139	23
27147	5
28001	1
28029	1
29037	10
29163	1
31179	1
36093	22
39117	1
44003	11
45011	1
47181	2
48441	9
48469	25
51087	13
05007	29
06015	1
08031	399
08059	25
12063	2
17103	1
18111	1
18139	1
20127	1
21009	3
22017	56
24033	55
26077	37
27085	5
30081	2
36003	2
41043	4
42051	1
42079	14
47119	9
54049	1
55057	1
01039	9
05071	1
12127	46
13009	6
13135	40
18077	1
20191	1
21073	14
27121	1
27149	1
28003	3
29165	3
31153	10
36095	1
39119	3
42115	1
44005	13
45013	2
47057	1
48065	1
51061	2
02020	43
05009	3
06017	5
13073	3
17105	1
18113	1
22019	13
23027	2
29201	4
37013	1
39057	11
40037	6
48129	1
48381	4
48507	2
53015	1
55031	1
55059	14
01013	2
06081	53
12101	29
17043	55
17197	16
21075	3
26115	2
27123	151
28159	1
31155	1
35061	2
36097	1
42117	1
44007	49
45015	2
47059	1
47185	1
48067	31
51595	1
51630	9
06019	82
08035	20
20103	2
21111	171
23001	3
23029	3
24037	113
27061	3
27089	1
29203	1
36007	13
37141	3
39031	1
39059	2
40039	2
41047	25
42055	5
48257	4
51820	1
53017	2
54025	3
01015	12
06083	80
12103	115
13111	5
13139	10
15001	7
17199	3
18053	3
19061	6
19089	1
26117	2
29141	4
29169	3
36071	16
36099	1
44009	4
47187	65
48041	23
51191	2
08037	10
12069	13
13077	5
17109	1
18117	1
19125	2
20105	2
21113	6
23003	2
26055	11
28071	13
36009	2
37143	2
38025	3
39033	2
41049	1
48231	1
48259	3
48385	1
51570	3
55035	10
56043	1
01017	1
06085	217
12105	38
13113	8
15003	85
21051	1
22087	1
27127	1
28009	1
32013	1
37081	68
45019	107
46027	1
47189	5
48043	2
51067	3
51760	222
54091	1
01081	26
12043	2
13051	52
19127	6
21115	1
23005	93
24013	7
25021	50
27065	1
29081	1
29207	1
37019	18
39035	519
40015	1
40141	5
42031	3
42059	2
45083	15
48233	2
48387	1
02090	45
05051	15
06087	43
13115	7
16013	3
17021	1
17049	1
18057	25
18183	1
19191	1
20045	56
22061	8
22089	10
29019	84
34031	32
36075	4
46029	1
47037	554
47163	12
48171	3
48199	3
48423	28
49053	1
51041	7
51195	8
01083	2
05115	1
08013	144
10001	11
13053	1
13305	1
19101	1
21117	9
23007	1
24015	1
25023	18
26059	1
28075	5
30063	16
36111	9
37147	30
38029	2
39037	4
40017	9
40143	164
42033	3
45085	4
46093	1
54003	5
55039	2
06061	25
06089	19
08014	4
12109	4
13117	1
15007	2
17177	3
18031	1
18059	3
19067	2
19193	8
20173	122
22063	3
28139	1
29147	1
31135	1
34033	1
35041	1
36077	4
37085	4
38093	1
40081	1
47011	8
47165	25
48047	1
48425	1
51197	1
51610	2
08015	2
10003	23
13055	4
19103	43
23009	10
24017	9
25025	744
27041	2
36113	3
39039	1
39165	34
40145	1
41027	3
42035	2
48237	2
51107	18
51800	3
56021	8
01121	7
05055	2
06063	1
13119	1
13245	30
15009	3
16017	3
17025	1
17151	1
17179	7
18033	1
19041	1
19069	1
20021	1
21183	1
28113	1
29149	1
31137	1
34035	2
35043	20
36051	2
36079	1
37087	4
40083	1
47013	15
47167	2
48021	1
48049	1
48175	1
48427	1
49057	9
51171	2
51199	2
53061	32
54097	1
05119	89
10005	13
12021	37
13057	19
16081	3
22101	1
24019	1
25027	43
26161	79
28079	1
30067	1
36115	3
37123	3
39167	3
40147	9
41029	17
42037	2
45061	3
48365	4
48491	30
51550	13
55141	1
01123	2
04021	9
06065	175
13247	1
16019	2
18035	15
20177	46
21031	1
21059	13
21185	4
27107	1
28115	1
31111	2
33001	6
34037	4
35045	4
36053	1
37089	2
47141	4
48177	1
48401	3
51047	1
51173	3
51740	8
53063	52
54099	1
01061	1
01089	57
06101	1
12023	4
13031	12
13059	44
13185	10
16083	2
17091	3
19107	1
21221	1
22103	13
25001	7
26163	263
27171	4
36117	1
37125	5
39015	1
39141	2
39169	3
40121	2
41003	12
42011	20
45063	19
46099	31
48367	6
55017	2
56025	93
01125	42
02070	1
04023	4
05031	17
06067	227
08083	5
13221	1
17001	7
17029	2
18163	41
19045	1
22069	3
27109	22
28117	1
33003	2
34011	2
34039	30
36055	118
37063	38
40087	2
46009	10
46135	2
47017	2
47143	3
48025	4
48179	2
53065	2
55081	1
06103	4
09001	73
13187	2
17093	5
19109	2
22105	5
25003	8
26039	1
26165	2
31079	6
36119	91
37127	3
39017	23
39143	1
40123	5
41005	25
42013	13
48215	21
51680	25
55019	4
01127	6
02261	8
04025	11
06041	24
06069	3
08085	1
13223	1
18011	4
18039	13
18165	6
19047	2
21035	1
21161	2
29127	1
33005	6
34013	51
35049	36
36057	17
37065	1
37191	5
39081	568
40089	1
47019	2
47145	1
48027	29
49035	116
50015	1
51023	1
53067	22
01065	1
09003	45
12027	2
13161	4
17095	1
20091	66
21225	1
25005	16
27021	1
27049	2
31053	2
37101	4
37129	64
39019	1
39145	3
40125	8
41007	16
47083	4
48091	8
48343	1
48497	1
56001	11
56029	3
01101	25
04027	7
08087	1
12091	14
13225	2
17005	1
17131	1
17159	1
18167	13
19049	4
19175	2
20029	1
20155	4
21037	5
22045	5
29101	6
33007	2
34015	8
36031	3
36059	30
37067	39
39083	5
41071	6
48001	2
48029	351
51025	15
51683	5
53041	3
55085	1
02110	8
06107	20
08123	14
09005	10
12001	42
13037	1
17097	32
21227	17
22109	2
26015	1
28059	3
31055	121
39147	3
41009	4
42017	30
45041	11
47085	1
48471	4
48499	1
51530	1
55121	1
01103	14
06045	4
12093	1
17007	3
17133	2
18015	1
18141	41
21011	1
33009	4
34017	95
36033	4
37069	2
37195	1
38077	2
39085	9
40065	2
42081	10
46113	7
47121	2
47149	27
48157	35
48409	2
49011	5
49039	1
51153	13
54051	1
54079	3
55087	21
01069	14
06109	4
09007	7
13039	1
17099	69
25009	48
26017	2
27025	1
28033	14
29069	1
30049	9
39149	1
40101	2
42019	24
45043	6
48347	6
48473	3
51091	1
56005	1
02050	1
04003	6
06047	12
12095	473
18017	2
19151	1
20005	1
20131	1
21013	2
26081	103
29105	1
34019	3
35027	1
37197	1
39087	4
46115	1
47123	1
48005	1
48131	1
53045	1
55089	3
01043	3
02240	1
09009	60
12005	37
12131	1
13013	2
13293	4
16065	3
17073	3
18081	14
26145	8
27027	2
28035	16
29043	9
29197	1
31185	1
35028	1
37107	2
39123	1
45045	68
46053	1
47089	2
48097	2
48349	1
51093	1
51660	11
55125	1
04005	25
06021	1
12097	26
17137	1
18019	2
18145	5
19027	3
19153	148
21015	10
21169	40
23031	18
29107	2
35001	90
35029	1
36037	1
37045	4
37171	2
39061	282
39089	27
40041	1
42085	1
47125	16
48007	2
51003	1
51157	1
54055	3
55063	10
01045	3
08101	55
12007	2
13015	5
13295	7
17075	1
18083	2
20099	2
21205	6
26147	5
31033	1
37109	2
42121	2
45047	1
47063	2
48099	1
55127	13
01109	1
04007	4
05015	2
06023	7
08067	6
12071	66
12099	148
17111	12
19001	1
19029	1
19155	4
21017	2
21143	1
29109	1
36011	3
36039	2
37047	1
37173	2
39063	4
41051	395
48135	6
48289	1
54057	2
12009	89
13143	2
13297	4
16069	1
17077	8
18085	2
21081	1
21207	1
26121	2
26149	1
27003	18
27157	1
28011	3
29047	10
30027	5
31161	1
39127	1
42123	1
45021	5
47065	77
48073	1
48325	2
48451	5
48479	7
51510	57
51790	2
55101	16
04009	1
05143	61
06025	4
08041	65
08069	56
12073	98
17113	18
19157	3
21019	4
21145	8
22027	1
24043	7
26087	2
27095	10
35005	1
36013	5
37021	107
37049	4
37175	1
39065	1
41053	2
42061	1
42089	1
47101	1
49019	1
51700	21
54059	1
01021	3
01049	5
08105	1
13019	1
21209	3
26123	1
27005	2
27131	3
29021	5
30029	8
39101	9
40109	238
42125	6
48453	668
05019	1
05145	2
06027	2
08043	1
17115	9
20111	1
24045	16
26061	8
27097	1
30093	6
36015	6
37023	5
39067	1
40047	6
42063	3
47103	1
48139	12
48265	3
51009	1
53025	2
54033	4
55069	2
02185	1
02220	1
05083	1
08107	6
12111	8
18061	5
18089	17
19097	1
21085	1
26125	80
27007	2
28141	4
29023	2
39103	2
42127	1
48329	10
55105	9
06001	276
06029	257
08045	1
17117	3
20113	1
21121	1
22003	2
23011	11
24047	5
27099	1
29213	8
35009	2
37025	8
37151	5
37179	9
39041	11
40021	6
40049	2
41057	1
42065	1
48113	675
51137	3
51830	13
53027	12
54035	1
05085	23
06093	1
12113	13
13121	1249
16047	4
17055	2
18063	8
20051	4
20079	2
22095	1
26127	1
27135	2
28143	3
42101	525
42129	10
45027	2
46035	1
47043	1
48303	34
